2022/11/17-14:49:08.290584 7fbf4d7d9b30 RocksDB version: 6.10.0
2022/11/17-14:49:08.290632 7fbf4d7d9b30 Git sha rocksdb_build_git_sha:@@GIT_SHA@@
2022/11/17-14:49:08.290637 7fbf4d7d9b30 Compile date May 11 2022
2022/11/17-14:49:08.290641 7fbf4d7d9b30 DB SUMMARY
2022/11/17-14:49:08.290722 7fbf4d7d9b30 CURRENT file:  CURRENT
2022/11/17-14:49:08.290727 7fbf4d7d9b30 IDENTITY file:  IDENTITY
2022/11/17-14:49:08.290738 7fbf4d7d9b30 MANIFEST file:  MANIFEST-000847 size: 571 Bytes
2022/11/17-14:49:08.290744 7fbf4d7d9b30 SST files in /root/FXServer/server-data/db/default dir, Total Num: 4, files: 000838.sst 000840.sst 000843.sst 000846.sst 
2022/11/17-14:49:08.290748 7fbf4d7d9b30 Write Ahead Log file in /root/FXServer/server-data/db/default: 000848.log size: 61 ; 
2022/11/17-14:49:08.290753 7fbf4d7d9b30                         Options.error_if_exists: 0
2022/11/17-14:49:08.290757 7fbf4d7d9b30                       Options.create_if_missing: 1
2022/11/17-14:49:08.290760 7fbf4d7d9b30                         Options.paranoid_checks: 1
2022/11/17-14:49:08.290763 7fbf4d7d9b30                                     Options.env: 0x7fbf52c160a8
2022/11/17-14:49:08.290781 7fbf4d7d9b30                                      Options.fs: Posix File System
2022/11/17-14:49:08.290783 7fbf4d7d9b30                                Options.info_log: 0x7fbf259b2140
2022/11/17-14:49:08.290785 7fbf4d7d9b30                Options.max_file_opening_threads: 16
2022/11/17-14:49:08.290787 7fbf4d7d9b30                              Options.statistics: 0
2022/11/17-14:49:08.290789 7fbf4d7d9b30                               Options.use_fsync: 0
2022/11/17-14:49:08.290791 7fbf4d7d9b30                       Options.max_log_file_size: 0
2022/11/17-14:49:08.290793 7fbf4d7d9b30                  Options.max_manifest_file_size: 1073741824
2022/11/17-14:49:08.290795 7fbf4d7d9b30                   Options.log_file_time_to_roll: 0
2022/11/17-14:49:08.290797 7fbf4d7d9b30                       Options.keep_log_file_num: 10
2022/11/17-14:49:08.290811 7fbf4d7d9b30                    Options.recycle_log_file_num: 0
2022/11/17-14:49:08.290814 7fbf4d7d9b30                         Options.allow_fallocate: 1
2022/11/17-14:49:08.290829 7fbf4d7d9b30                        Options.allow_mmap_reads: 0
2022/11/17-14:49:08.290832 7fbf4d7d9b30                       Options.allow_mmap_writes: 0
2022/11/17-14:49:08.290835 7fbf4d7d9b30                        Options.use_direct_reads: 0
2022/11/17-14:49:08.290838 7fbf4d7d9b30                        Options.use_direct_io_for_flush_and_compaction: 0
2022/11/17-14:49:08.290841 7fbf4d7d9b30          Options.create_missing_column_families: 0
2022/11/17-14:49:08.290843 7fbf4d7d9b30                              Options.db_log_dir: 
2022/11/17-14:49:08.290846 7fbf4d7d9b30                                 Options.wal_dir: /root/FXServer/server-data/db/default
2022/11/17-14:49:08.290849 7fbf4d7d9b30                Options.table_cache_numshardbits: 6
2022/11/17-14:49:08.290852 7fbf4d7d9b30                      Options.max_subcompactions: 1
2022/11/17-14:49:08.290855 7fbf4d7d9b30                         Options.WAL_ttl_seconds: 0
2022/11/17-14:49:08.290858 7fbf4d7d9b30                       Options.WAL_size_limit_MB: 0
2022/11/17-14:49:08.290882 7fbf4d7d9b30                        Options.max_write_batch_group_size_bytes: 1048576
2022/11/17-14:49:08.290887 7fbf4d7d9b30             Options.manifest_preallocation_size: 4194304
2022/11/17-14:49:08.290890 7fbf4d7d9b30                     Options.is_fd_close_on_exec: 1
2022/11/17-14:49:08.290893 7fbf4d7d9b30                   Options.advise_random_on_open: 1
2022/11/17-14:49:08.290896 7fbf4d7d9b30                    Options.db_write_buffer_size: 0
2022/11/17-14:49:08.290899 7fbf4d7d9b30                    Options.write_buffer_manager: 0x7fbf2ac322f0
2022/11/17-14:49:08.290904 7fbf4d7d9b30         Options.access_hint_on_compaction_start: 1
2022/11/17-14:49:08.290907 7fbf4d7d9b30  Options.new_table_reader_for_compaction_inputs: 0
2022/11/17-14:49:08.290912 7fbf4d7d9b30           Options.random_access_max_buffer_size: 1048576
2022/11/17-14:49:08.290915 7fbf4d7d9b30                      Options.use_adaptive_mutex: 0
2022/11/17-14:49:08.290918 7fbf4d7d9b30                            Options.rate_limiter: 0
2022/11/17-14:49:08.290956 7fbf4d7d9b30     Options.sst_file_manager.rate_bytes_per_sec: 0
2022/11/17-14:49:08.290960 7fbf4d7d9b30                       Options.wal_recovery_mode: 2
2022/11/17-14:49:08.290962 7fbf4d7d9b30                  Options.enable_thread_tracking: 0
2022/11/17-14:49:08.290965 7fbf4d7d9b30                  Options.enable_pipelined_write: 0
2022/11/17-14:49:08.290968 7fbf4d7d9b30                  Options.unordered_write: 0
2022/11/17-14:49:08.290970 7fbf4d7d9b30         Options.allow_concurrent_memtable_write: 1
2022/11/17-14:49:08.290973 7fbf4d7d9b30      Options.enable_write_thread_adaptive_yield: 1
2022/11/17-14:49:08.290975 7fbf4d7d9b30             Options.write_thread_max_yield_usec: 100
2022/11/17-14:49:08.290978 7fbf4d7d9b30            Options.write_thread_slow_yield_usec: 3
2022/11/17-14:49:08.290981 7fbf4d7d9b30                               Options.row_cache: None
2022/11/17-14:49:08.290983 7fbf4d7d9b30                              Options.wal_filter: None
2022/11/17-14:49:08.290999 7fbf4d7d9b30             Options.avoid_flush_during_recovery: 0
2022/11/17-14:49:08.291014 7fbf4d7d9b30             Options.allow_ingest_behind: 0
2022/11/17-14:49:08.291017 7fbf4d7d9b30             Options.preserve_deletes: 0
2022/11/17-14:49:08.291019 7fbf4d7d9b30             Options.two_write_queues: 0
2022/11/17-14:49:08.291021 7fbf4d7d9b30             Options.manual_wal_flush: 0
2022/11/17-14:49:08.291023 7fbf4d7d9b30             Options.atomic_flush: 0
2022/11/17-14:49:08.291024 7fbf4d7d9b30             Options.avoid_unnecessary_blocking_io: 0
2022/11/17-14:49:08.291026 7fbf4d7d9b30                 Options.persist_stats_to_disk: 0
2022/11/17-14:49:08.291028 7fbf4d7d9b30                 Options.write_dbid_to_manifest: 0
2022/11/17-14:49:08.291030 7fbf4d7d9b30                 Options.log_readahead_size: 0
2022/11/17-14:49:08.291038 7fbf4d7d9b30                 Options.file_checksum_gen_factory: Unknown
2022/11/17-14:49:08.291040 7fbf4d7d9b30                 Options.best_efforts_recovery: 0
2022/11/17-14:49:08.291042 7fbf4d7d9b30             Options.max_background_jobs: 2
2022/11/17-14:49:08.291050 7fbf4d7d9b30             Options.max_background_compactions: -1
2022/11/17-14:49:08.291052 7fbf4d7d9b30             Options.avoid_flush_during_shutdown: 0
2022/11/17-14:49:08.291054 7fbf4d7d9b30           Options.writable_file_max_buffer_size: 1048576
2022/11/17-14:49:08.291056 7fbf4d7d9b30             Options.delayed_write_rate : 16777216
2022/11/17-14:49:08.291058 7fbf4d7d9b30             Options.max_total_wal_size: 0
2022/11/17-14:49:08.291060 7fbf4d7d9b30             Options.delete_obsolete_files_period_micros: 21600000000
2022/11/17-14:49:08.291062 7fbf4d7d9b30                   Options.stats_dump_period_sec: 600
2022/11/17-14:49:08.291064 7fbf4d7d9b30                 Options.stats_persist_period_sec: 600
2022/11/17-14:49:08.291066 7fbf4d7d9b30                 Options.stats_history_buffer_size: 1048576
2022/11/17-14:49:08.291068 7fbf4d7d9b30                          Options.max_open_files: -1
2022/11/17-14:49:08.291070 7fbf4d7d9b30                          Options.bytes_per_sync: 0
2022/11/17-14:49:08.291075 7fbf4d7d9b30                      Options.wal_bytes_per_sync: 0
2022/11/17-14:49:08.291078 7fbf4d7d9b30                   Options.strict_bytes_per_sync: 0
2022/11/17-14:49:08.291079 7fbf4d7d9b30       Options.compaction_readahead_size: 0
2022/11/17-14:49:08.291081 7fbf4d7d9b30                  Options.max_background_flushes: -1
2022/11/17-14:49:08.291083 7fbf4d7d9b30 Compression algorithms supported:
2022/11/17-14:49:08.291086 7fbf4d7d9b30 	kZSTD supported: 0
2022/11/17-14:49:08.291088 7fbf4d7d9b30 	kXpressCompression supported: 0
2022/11/17-14:49:08.291090 7fbf4d7d9b30 	kBZip2Compression supported: 0
2022/11/17-14:49:08.291092 7fbf4d7d9b30 	kZSTDNotFinalCompression supported: 0
2022/11/17-14:49:08.291094 7fbf4d7d9b30 	kLZ4Compression supported: 1
2022/11/17-14:49:08.291096 7fbf4d7d9b30 	kZlibCompression supported: 1
2022/11/17-14:49:08.291098 7fbf4d7d9b30 	kLZ4HCCompression supported: 1
2022/11/17-14:49:08.291100 7fbf4d7d9b30 	kSnappyCompression supported: 0
2022/11/17-14:49:08.291105 7fbf4d7d9b30 Fast CRC32 supported: Not supported on x86
2022/11/17-14:49:08.291316 7fbf4d7d9b30 [db/version_set.cc:4515] Recovering from manifest file: /root/FXServer/server-data/db/default/MANIFEST-000847
2022/11/17-14:49:08.291562 7fbf4d7d9b30 [db/column_family.cc:579] --------------- Options for column family [default]:
2022/11/17-14:49:08.291567 7fbf4d7d9b30               Options.comparator: leveldb.BytewiseComparator
2022/11/17-14:49:08.291570 7fbf4d7d9b30           Options.merge_operator: None
2022/11/17-14:49:08.291573 7fbf4d7d9b30        Options.compaction_filter: None
2022/11/17-14:49:08.291576 7fbf4d7d9b30        Options.compaction_filter_factory: None
2022/11/17-14:49:08.291578 7fbf4d7d9b30         Options.memtable_factory: SkipListFactory
2022/11/17-14:49:08.291581 7fbf4d7d9b30            Options.table_factory: BlockBasedTable
2022/11/17-14:49:08.291638 7fbf4d7d9b30            table_factory options:   flush_block_policy_factory: FlushBlockBySizePolicyFactory (0x7fbf2148cc10)
  cache_index_and_filter_blocks: 0
  cache_index_and_filter_blocks_with_high_priority: 1
  pin_l0_filter_and_index_blocks_in_cache: 0
  pin_top_level_index_and_filter: 1
  index_type: 0
  data_block_index_type: 0
  index_shortening: 1
  data_block_hash_table_util_ratio: 0.750000
  hash_index_allow_collision: 1
  checksum: 1
  no_block_cache: 0
  block_cache: 0x7fbf25aefda0
  block_cache_name: LRUCache
  block_cache_options:
    capacity : 8388608
    num_shard_bits : 4
    strict_capacity_limit : 0
    memory_allocator : None
    high_pri_pool_ratio: 0.000
  block_cache_compressed: 0
  persistent_cache: 0
  block_size: 4096
  block_size_deviation: 10
  block_restart_interval: 16
  index_block_restart_interval: 1
  metadata_block_size: 4096
  partition_filters: 0
  use_delta_encoding: 1
  filter_policy: nullptr
  whole_key_filtering: 1
  verify_compression: 0
  read_amp_bytes_per_bit: 0
  format_version: 4
  enable_index_compression: 1
  block_align: 0
2022/11/17-14:49:08.291672 7fbf4d7d9b30        Options.write_buffer_size: 67108864
2022/11/17-14:49:08.291677 7fbf4d7d9b30  Options.max_write_buffer_number: 2
2022/11/17-14:49:08.291680 7fbf4d7d9b30          Options.compression: LZ4
2022/11/17-14:49:08.291683 7fbf4d7d9b30                  Options.bottommost_compression: Disabled
2022/11/17-14:49:08.291686 7fbf4d7d9b30       Options.prefix_extractor: nullptr
2022/11/17-14:49:08.291689 7fbf4d7d9b30   Options.memtable_insert_with_hint_prefix_extractor: nullptr
2022/11/17-14:49:08.291692 7fbf4d7d9b30             Options.num_levels: 7
2022/11/17-14:49:08.291695 7fbf4d7d9b30        Options.min_write_buffer_number_to_merge: 1
2022/11/17-14:49:08.291697 7fbf4d7d9b30     Options.max_write_buffer_number_to_maintain: 0
2022/11/17-14:49:08.291700 7fbf4d7d9b30     Options.max_write_buffer_size_to_maintain: 0
2022/11/17-14:49:08.291702 7fbf4d7d9b30            Options.bottommost_compression_opts.window_bits: -14
2022/11/17-14:49:08.291705 7fbf4d7d9b30                  Options.bottommost_compression_opts.level: 32767
2022/11/17-14:49:08.291719 7fbf4d7d9b30               Options.bottommost_compression_opts.strategy: 0
2022/11/17-14:49:08.291722 7fbf4d7d9b30         Options.bottommost_compression_opts.max_dict_bytes: 0
2022/11/17-14:49:08.291725 7fbf4d7d9b30         Options.bottommost_compression_opts.zstd_max_train_bytes: 0
2022/11/17-14:49:08.291727 7fbf4d7d9b30         Options.bottommost_compression_opts.parallel_threads: 1
2022/11/17-14:49:08.291730 7fbf4d7d9b30                  Options.bottommost_compression_opts.enabled: false
2022/11/17-14:49:08.291733 7fbf4d7d9b30            Options.compression_opts.window_bits: -14
2022/11/17-14:49:08.291736 7fbf4d7d9b30                  Options.compression_opts.level: 32767
2022/11/17-14:49:08.291739 7fbf4d7d9b30               Options.compression_opts.strategy: 0
2022/11/17-14:49:08.291742 7fbf4d7d9b30         Options.compression_opts.max_dict_bytes: 0
2022/11/17-14:49:08.291744 7fbf4d7d9b30         Options.compression_opts.zstd_max_train_bytes: 0
2022/11/17-14:49:08.291747 7fbf4d7d9b30         Options.compression_opts.parallel_threads: 1
2022/11/17-14:49:08.291767 7fbf4d7d9b30                  Options.compression_opts.enabled: false
2022/11/17-14:49:08.291771 7fbf4d7d9b30      Options.level0_file_num_compaction_trigger: 4
2022/11/17-14:49:08.291774 7fbf4d7d9b30          Options.level0_slowdown_writes_trigger: 20
2022/11/17-14:49:08.291776 7fbf4d7d9b30              Options.level0_stop_writes_trigger: 36
2022/11/17-14:49:08.291786 7fbf4d7d9b30                   Options.target_file_size_base: 67108864
2022/11/17-14:49:08.291789 7fbf4d7d9b30             Options.target_file_size_multiplier: 1
2022/11/17-14:49:08.291792 7fbf4d7d9b30                Options.max_bytes_for_level_base: 268435456
2022/11/17-14:49:08.291794 7fbf4d7d9b30 Options.level_compaction_dynamic_level_bytes: 0
2022/11/17-14:49:08.291797 7fbf4d7d9b30          Options.max_bytes_for_level_multiplier: 10.000000
2022/11/17-14:49:08.291812 7fbf4d7d9b30 Options.max_bytes_for_level_multiplier_addtl[0]: 1
2022/11/17-14:49:08.291816 7fbf4d7d9b30 Options.max_bytes_for_level_multiplier_addtl[1]: 1
2022/11/17-14:49:08.291832 7fbf4d7d9b30 Options.max_bytes_for_level_multiplier_addtl[2]: 1
2022/11/17-14:49:08.291835 7fbf4d7d9b30 Options.max_bytes_for_level_multiplier_addtl[3]: 1
2022/11/17-14:49:08.291838 7fbf4d7d9b30 Options.max_bytes_for_level_multiplier_addtl[4]: 1
2022/11/17-14:49:08.291841 7fbf4d7d9b30 Options.max_bytes_for_level_multiplier_addtl[5]: 1
2022/11/17-14:49:08.291843 7fbf4d7d9b30 Options.max_bytes_for_level_multiplier_addtl[6]: 1
2022/11/17-14:49:08.291846 7fbf4d7d9b30       Options.max_sequential_skip_in_iterations: 8
2022/11/17-14:49:08.291849 7fbf4d7d9b30                    Options.max_compaction_bytes: 1677721600
2022/11/17-14:49:08.291852 7fbf4d7d9b30                        Options.arena_block_size: 8388608
2022/11/17-14:49:08.291855 7fbf4d7d9b30   Options.soft_pending_compaction_bytes_limit: 68719476736
2022/11/17-14:49:08.291858 7fbf4d7d9b30   Options.hard_pending_compaction_bytes_limit: 274877906944
2022/11/17-14:49:08.291861 7fbf4d7d9b30       Options.rate_limit_delay_max_milliseconds: 100
2022/11/17-14:49:08.291871 7fbf4d7d9b30                Options.disable_auto_compactions: 0
2022/11/17-14:49:08.291876 7fbf4d7d9b30                        Options.compaction_style: kCompactionStyleLevel
2022/11/17-14:49:08.291880 7fbf4d7d9b30                          Options.compaction_pri: kMinOverlappingRatio
2022/11/17-14:49:08.291883 7fbf4d7d9b30 Options.compaction_options_universal.size_ratio: 1
2022/11/17-14:49:08.291885 7fbf4d7d9b30 Options.compaction_options_universal.min_merge_width: 2
2022/11/17-14:49:08.291888 7fbf4d7d9b30 Options.compaction_options_universal.max_merge_width: 4294967295
2022/11/17-14:49:08.291892 7fbf4d7d9b30 Options.compaction_options_universal.max_size_amplification_percent: 200
2022/11/17-14:49:08.291895 7fbf4d7d9b30 Options.compaction_options_universal.compression_size_percent: -1
2022/11/17-14:49:08.291898 7fbf4d7d9b30 Options.compaction_options_universal.stop_style: kCompactionStopStyleTotalSize
2022/11/17-14:49:08.291901 7fbf4d7d9b30 Options.compaction_options_fifo.max_table_files_size: 1073741824
2022/11/17-14:49:08.291912 7fbf4d7d9b30 Options.compaction_options_fifo.allow_compaction: 0
2022/11/17-14:49:08.291920 7fbf4d7d9b30                   Options.table_properties_collectors: 
2022/11/17-14:49:08.291923 7fbf4d7d9b30                   Options.inplace_update_support: 0
2022/11/17-14:49:08.291925 7fbf4d7d9b30                 Options.inplace_update_num_locks: 10000
2022/11/17-14:49:08.291928 7fbf4d7d9b30               Options.memtable_prefix_bloom_size_ratio: 0.000000
2022/11/17-14:49:08.291932 7fbf4d7d9b30               Options.memtable_whole_key_filtering: 0
2022/11/17-14:49:08.291934 7fbf4d7d9b30   Options.memtable_huge_page_size: 0
2022/11/17-14:49:08.291937 7fbf4d7d9b30                           Options.bloom_locality: 0
2022/11/17-14:49:08.291939 7fbf4d7d9b30                    Options.max_successive_merges: 0
2022/11/17-14:49:08.291942 7fbf4d7d9b30                Options.optimize_filters_for_hits: 0
2022/11/17-14:49:08.291944 7fbf4d7d9b30                Options.paranoid_file_checks: 0
2022/11/17-14:49:08.291947 7fbf4d7d9b30                Options.force_consistency_checks: 0
2022/11/17-14:49:08.291968 7fbf4d7d9b30                Options.report_bg_io_stats: 0
2022/11/17-14:49:08.291972 7fbf4d7d9b30                               Options.ttl: 2592000
2022/11/17-14:49:08.291974 7fbf4d7d9b30          Options.periodic_compaction_seconds: 0
2022/11/17-14:49:08.294280 7fbf4d7d9b30 [db/version_set.cc:4672] Recovered from manifest file:/root/FXServer/server-data/db/default/MANIFEST-000847 succeeded,manifest_file_number is 847, next_file_number is 849, last_sequence is 290, log_number is 846,prev_log_number is 0,max_column_family is 0,min_log_number_to_keep is 0
2022/11/17-14:49:08.294290 7fbf4d7d9b30 [db/version_set.cc:4681] Column family [default] (ID 0), log number is 846
2022/11/17-14:49:08.294648 7fbf4d7d9b30 EVENT_LOG_v1 {"time_micros": 1668689348294639, "job": 1, "event": "recovery_started", "log_files": [848]}
2022/11/17-14:49:08.294657 7fbf4d7d9b30 [db/db_impl/db_impl_open.cc:774] Recovering log #848 mode 2
2022/11/17-14:49:08.309545 7fbf4d7d9b30 EVENT_LOG_v1 {"time_micros": 1668689348309508, "cf_name": "default", "job": 1, "event": "table_file_creation", "file_number": 849, "file_size": 831, "table_properties": {"data_size": 63, "index_size": 50, "index_partitions": 0, "top_level_index_size": 0, "index_key_is_user_key": 1, "index_value_is_delta_encoded": 1, "filter_size": 0, "raw_key_size": 41, "raw_average_key_size": 41, "raw_value_size": 6, "raw_average_value_size": 6, "num_data_blocks": 1, "num_entries": 1, "num_deletions": 0, "num_merge_operands": 0, "num_range_deletions": 0, "format_version": 0, "fixed_key_len": 0, "filter_policy": "", "column_family_name": "default", "column_family_id": 0, "comparator": "leveldb.BytewiseComparator", "merge_operator": "nullptr", "prefix_extractor_name": "nullptr", "property_collectors": "[]", "compression": "LZ4", "compression_options": "window_bits=-14; level=32767; strategy=0; max_dict_bytes=0; zstd_max_train_bytes=0; enabled=0; ", "creation_time": 1668689348, "oldest_key_time": 3, "file_creation_time": 0}}
2022/11/17-14:49:08.309681 7fbf4d7d9b30 [db/version_set.cc:3920] Creating manifest 850
2022/11/17-14:49:08.342608 7fbf4d7d9b30 EVENT_LOG_v1 {"time_micros": 1668689348342600, "job": 1, "event": "recovery_finished"}
2022/11/17-14:49:08.343025 7fbf4d7d9b30 [file/delete_scheduler.cc:73] Deleted file /root/FXServer/server-data/db/default/000848.log immediately, rate_bytes_per_sec 0, total_trash_size 0 max_trash_db_ratio 0.250000
2022/11/17-14:49:08.343044 7fbf4d7d9b30 [db/db_impl/db_impl_files.cc:552] [JOB 2] Delete info log file /root/FXServer/server-data/db/default//LOG.old.1667966431217643
2022/11/17-14:49:08.360340 7fbf4d7d9b30 [db/db_impl/db_impl_open.cc:1576] SstFileManager instance 0x7fbf21268bf0
2022/11/17-14:49:08.360431 7fbf4d7d9b30 DB pointer 0x7fbf2a779020
2022/11/17-14:49:08.360509 7fbf21267b30 [db/compaction/compaction_job.cc:1697] [default] [JOB 3] Compacting 4@0 + 1@1 files to L1, score 1.00
2022/11/17-14:49:08.360552 7fbf21267b30 [db/compaction/compaction_job.cc:1701] [default] Compaction start summary: Base version 2 Base level 0, inputs: [849(831B) 846(831B) 843(831B) 840(831B)], [838(6924B)]
2022/11/17-14:49:08.360579 7fbf21267b30 EVENT_LOG_v1 {"time_micros": 1668689348360562, "job": 3, "event": "compaction_started", "compaction_reason": "LevelL0FilesNum", "files_L0": [849, 846, 843, 840], "files_L1": [838], "score": 1, "input_data_size": 10248}
2022/11/17-14:49:08.361000 7fbe201b2b30 [db/db_impl/db_impl.cc:854] ------- DUMPING STATS -------
2022/11/17-14:49:08.361008 7fbe201b2b30 [db/db_impl/db_impl.cc:855] 
** DB Stats **
Uptime(secs): 0.0 total, 0.0 interval
Cumulative writes: 0 writes, 0 keys, 0 commit groups, 0.0 writes per commit group, ingest: 0.00 GB, 0.00 MB/s
Cumulative WAL: 0 writes, 0 syncs, 0.00 writes per sync, written: 0.00 GB, 0.00 MB/s
Cumulative stall: 00:00:0.000 H:M:S, 0.0 percent
Interval writes: 0 writes, 0 keys, 0 commit groups, 0.0 writes per commit group, ingest: 0.00 MB, 0.00 MB/s
Interval WAL: 0 writes, 0 syncs, 0.00 writes per sync, written: 0.00 MB, 0.00 MB/s
Interval stall: 00:00:0.000 H:M:S, 0.0 percent

** Compaction Stats [default] **
Level    Files   Size     Score Read(GB)  Rn(GB) Rnp1(GB) Write(GB) Wnew(GB) Moved(GB) W-Amp Rd(MB/s) Wr(MB/s) Comp(sec) CompMergeCPU(sec) Comp(cnt) Avg(sec) KeyIn KeyDrop
----------------------------------------------------------------------------------------------------------------------------------------------------------------------------
  L0      4/4    3.24 KB   0.0      0.0     0.0      0.0       0.0      0.0       0.0   1.0      0.0      0.0      0.02              0.00         1    0.014       0      0
  L1      1/1    6.76 KB   0.0      0.0     0.0      0.0       0.0      0.0       0.0   0.0      0.0      0.0      0.00              0.00         0    0.000       0      0
 Sum      5/5   10.00 KB   0.0      0.0     0.0      0.0       0.0      0.0       0.0   1.0      0.0      0.0      0.02              0.00         1    0.014       0      0
 Int      0/0    0.00 KB   0.0      0.0     0.0      0.0       0.0      0.0       0.0   1.0      0.0      0.0      0.02              0.00         1    0.014       0      0

** Compaction Stats [default] **
Priority    Files   Size     Score Read(GB)  Rn(GB) Rnp1(GB) Write(GB) Wnew(GB) Moved(GB) W-Amp Rd(MB/s) Wr(MB/s) Comp(sec) CompMergeCPU(sec) Comp(cnt) Avg(sec) KeyIn KeyDrop
-------------------------------------------------------------------------------------------------------------------------------------------------------------------------------
User      0/0    0.00 KB   0.0      0.0     0.0      0.0       0.0      0.0       0.0   0.0      0.0      0.0      0.02              0.00         1    0.014       0      0
Uptime(secs): 0.0 total, 0.0 interval
Flush(GB): cumulative 0.000, interval 0.000
AddFile(GB): cumulative 0.000, interval 0.000
AddFile(Total Files): cumulative 0, interval 0
AddFile(L0 Files): cumulative 0, interval 0
AddFile(Keys): cumulative 0, interval 0
Cumulative compaction: 0.00 GB write, 0.02 MB/s write, 0.00 GB read, 0.00 MB/s read, 0.0 seconds
Interval compaction: 0.00 GB write, 0.02 MB/s write, 0.00 GB read, 0.00 MB/s read, 0.0 seconds
Stalls(count): 0 level0_slowdown, 0 level0_slowdown_with_compaction, 0 level0_numfiles, 0 level0_numfiles_with_compaction, 0 stop for pending_compaction_bytes, 0 slowdown for pending_compaction_bytes, 0 memtable_compaction, 0 memtable_slowdown, interval 0 total count

** File Read Latency Histogram By Level [default] **

** Compaction Stats [default] **
Level    Files   Size     Score Read(GB)  Rn(GB) Rnp1(GB) Write(GB) Wnew(GB) Moved(GB) W-Amp Rd(MB/s) Wr(MB/s) Comp(sec) CompMergeCPU(sec) Comp(cnt) Avg(sec) KeyIn KeyDrop
----------------------------------------------------------------------------------------------------------------------------------------------------------------------------
  L0      4/4    3.24 KB   0.0      0.0     0.0      0.0       0.0      0.0       0.0   1.0      0.0      0.0      0.02              0.00         1    0.014       0      0
  L1      1/1    6.76 KB   0.0      0.0     0.0      0.0       0.0      0.0       0.0   0.0      0.0      0.0      0.00              0.00         0    0.000       0      0
 Sum      5/5   10.00 KB   0.0      0.0     0.0      0.0       0.0      0.0       0.0   1.0      0.0      0.0      0.02              0.00         1    0.014       0      0
 Int      0/0    0.00 KB   0.0      0.0     0.0      0.0       0.0      0.0       0.0   0.0      0.0      0.0      0.00              0.00         0    0.000       0      0

** Compaction Stats [default] **
Priority    Files   Size     Score Read(GB)  Rn(GB) Rnp1(GB) Write(GB) Wnew(GB) Moved(GB) W-Amp Rd(MB/s) Wr(MB/s) Comp(sec) CompMergeCPU(sec) Comp(cnt) Avg(sec) KeyIn KeyDrop
-------------------------------------------------------------------------------------------------------------------------------------------------------------------------------
User      0/0    0.00 KB   0.0      0.0     0.0      0.0       0.0      0.0       0.0   0.0      0.0      0.0      0.02              0.00         1    0.014       0      0
Uptime(secs): 0.0 total, 0.0 interval
Flush(GB): cumulative 0.000, interval 0.000
AddFile(GB): cumulative 0.000, interval 0.000
AddFile(Total Files): cumulative 0, interval 0
AddFile(L0 Files): cumulative 0, interval 0
AddFile(Keys): cumulative 0, interval 0
Cumulative compaction: 0.00 GB write, 0.02 MB/s write, 0.00 GB read, 0.00 MB/s read, 0.0 seconds
Interval compaction: 0.00 GB write, 0.00 MB/s write, 0.00 GB read, 0.00 MB/s read, 0.0 seconds
Stalls(count): 0 level0_slowdown, 0 level0_slowdown_with_compaction, 0 level0_numfiles, 0 level0_numfiles_with_compaction, 0 stop for pending_compaction_bytes, 0 slowdown for pending_compaction_bytes, 0 memtable_compaction, 0 memtable_slowdown, interval 0 total count

** File Read Latency Histogram By Level [default] **
2022/11/17-14:49:08.370637 7fbf21267b30 [db/compaction/compaction_job.cc:1370] [default] [JOB 3] Generated table #854: 97 keys, 6924 bytes
2022/11/17-14:49:08.370685 7fbf21267b30 EVENT_LOG_v1 {"time_micros": 1668689348370659, "cf_name": "default", "job": 3, "event": "table_file_creation", "file_number": 854, "file_size": 6924, "table_properties": {"data_size": 6063, "index_size": 150, "index_partitions": 0, "top_level_index_size": 0, "index_key_is_user_key": 1, "index_value_is_delta_encoded": 1, "filter_size": 0, "raw_key_size": 8349, "raw_average_key_size": 86, "raw_value_size": 986, "raw_average_value_size": 10, "num_data_blocks": 2, "num_entries": 97, "num_deletions": 0, "num_merge_operands": 0, "num_range_deletions": 0, "format_version": 0, "fixed_key_len": 0, "filter_policy": "", "column_family_name": "default", "column_family_id": 0, "comparator": "leveldb.BytewiseComparator", "merge_operator": "nullptr", "prefix_extractor_name": "nullptr", "property_collectors": "[]", "compression": "LZ4", "compression_options": "window_bits=-14; level=32767; strategy=0; max_dict_bytes=0; zstd_max_train_bytes=0; enabled=0; ", "creation_time": 1657082572, "oldest_key_time": 0, "file_creation_time": 1668689348}}
2022/11/17-14:49:08.377192 7fbf21267b30 [db/compaction/compaction_job.cc:1436] [default] [JOB 3] Compacted 4@0 + 1@1 files to L1 => 6924 bytes
2022/11/17-14:49:08.386288 7fbf21267b30 (Original Log Time 2022/11/17-14:49:08.386132) [db/compaction/compaction_job.cc:770] [default] compacted to: files[0 1 0 0 0 0 0] max score 0.00, MB/sec: 1.0 rd, 0.6 wr, level 1, files in(4, 1) out(1) MB in(0.0, 0.0) out(0.0), read-write-amplify(5.2) write-amplify(2.0) OK, records in: 101, records dropped: 4 output_compression: LZ4
2022/11/17-14:49:08.386298 7fbf21267b30 (Original Log Time 2022/11/17-14:49:08.386169) EVENT_LOG_v1 {"time_micros": 1668689348386153, "job": 3, "event": "compaction_finished", "compaction_time_micros": 10191, "compaction_time_cpu_micros": 850, "output_level": 1, "num_output_files": 1, "total_output_size": 6924, "num_input_records": 101, "num_output_records": 97, "num_subcompactions": 1, "output_compression": "LZ4", "num_single_delete_mismatches": 0, "num_single_delete_fallthrough": 0, "lsm_state": [0, 1, 0, 0, 0, 0, 0]}
2022/11/17-14:49:08.386459 7fbf21267b30 [file/delete_scheduler.cc:73] Deleted file /root/FXServer/server-data/db/default/000849.sst immediately, rate_bytes_per_sec 0, total_trash_size 0 max_trash_db_ratio 0.250000
2022/11/17-14:49:08.386484 7fbf21267b30 EVENT_LOG_v1 {"time_micros": 1668689348386480, "job": 3, "event": "table_file_deletion", "file_number": 849}
2022/11/17-14:49:08.386560 7fbf21267b30 [file/delete_scheduler.cc:73] Deleted file /root/FXServer/server-data/db/default/000846.sst immediately, rate_bytes_per_sec 0, total_trash_size 0 max_trash_db_ratio 0.250000
2022/11/17-14:49:08.386572 7fbf21267b30 EVENT_LOG_v1 {"time_micros": 1668689348386569, "job": 3, "event": "table_file_deletion", "file_number": 846}
2022/11/17-14:49:08.386639 7fbf21267b30 [file/delete_scheduler.cc:73] Deleted file /root/FXServer/server-data/db/default/000843.sst immediately, rate_bytes_per_sec 0, total_trash_size 0 max_trash_db_ratio 0.250000
2022/11/17-14:49:08.386651 7fbf21267b30 EVENT_LOG_v1 {"time_micros": 1668689348386648, "job": 3, "event": "table_file_deletion", "file_number": 843}
2022/11/17-14:49:08.386710 7fbf21267b30 [file/delete_scheduler.cc:73] Deleted file /root/FXServer/server-data/db/default/000840.sst immediately, rate_bytes_per_sec 0, total_trash_size 0 max_trash_db_ratio 0.250000
2022/11/17-14:49:08.386739 7fbf21267b30 EVENT_LOG_v1 {"time_micros": 1668689348386736, "job": 3, "event": "table_file_deletion", "file_number": 840}
2022/11/17-14:49:08.386852 7fbf21267b30 [file/delete_scheduler.cc:73] Deleted file /root/FXServer/server-data/db/default/000838.sst immediately, rate_bytes_per_sec 0, total_trash_size 0 max_trash_db_ratio 0.250000
2022/11/17-14:49:08.386871 7fbf21267b30 EVENT_LOG_v1 {"time_micros": 1668689348386867, "job": 3, "event": "table_file_deletion", "file_number": 838}
2022/11/17-14:49:08.386923 7fbf21267b30 (Original Log Time 2022/11/17-14:49:08.386918) [db/db_impl/db_impl_compaction_flush.cc:2671] Compaction nothing to do
2022/11/17-14:59:08.361444 7fbe201b2b30 [db/db_impl/db_impl.cc:854] ------- DUMPING STATS -------
2022/11/17-14:59:08.361513 7fbe201b2b30 [db/db_impl/db_impl.cc:855] 
** DB Stats **
Uptime(secs): 600.0 total, 600.0 interval
Cumulative writes: 1 writes, 1 keys, 1 commit groups, 0.5 writes per commit group, ingest: 0.00 GB, 0.00 MB/s
Cumulative WAL: 1 writes, 1 syncs, 0.50 writes per sync, written: 0.00 GB, 0.00 MB/s
Cumulative stall: 00:00:0.000 H:M:S, 0.0 percent
Interval writes: 1 writes, 1 keys, 1 commit groups, 0.5 writes per commit group, ingest: 0.00 MB, 0.00 MB/s
Interval WAL: 1 writes, 1 syncs, 0.50 writes per sync, written: 0.00 MB, 0.00 MB/s
Interval stall: 00:00:0.000 H:M:S, 0.0 percent

** Compaction Stats [default] **
Level    Files   Size     Score Read(GB)  Rn(GB) Rnp1(GB) Write(GB) Wnew(GB) Moved(GB) W-Amp Rd(MB/s) Wr(MB/s) Comp(sec) CompMergeCPU(sec) Comp(cnt) Avg(sec) KeyIn KeyDrop
----------------------------------------------------------------------------------------------------------------------------------------------------------------------------
  L0      0/0    0.00 KB   0.0      0.0     0.0      0.0       0.0      0.0       0.0   1.0      0.0      0.0      0.02              0.00         1    0.014       0      0
  L1      1/0    6.76 KB   0.0      0.0     0.0      0.0       0.0      0.0       0.0   2.0      1.0      0.6      0.02              0.00         1    0.010     101      4
 Sum      1/0    6.76 KB   0.0      0.0     0.0      0.0       0.0      0.0       0.0   9.4      0.4      0.2      0.02              0.00         2    0.012     101      4
 Int      0/0    0.00 KB   0.0      0.0     0.0      0.0       0.0      0.0       0.0 6924.0      1.0      0.6      0.02              0.00         1    0.010     101      4

** Compaction Stats [default] **
Priority    Files   Size     Score Read(GB)  Rn(GB) Rnp1(GB) Write(GB) Wnew(GB) Moved(GB) W-Amp Rd(MB/s) Wr(MB/s) Comp(sec) CompMergeCPU(sec) Comp(cnt) Avg(sec) KeyIn KeyDrop
-------------------------------------------------------------------------------------------------------------------------------------------------------------------------------
 Low      0/0    0.00 KB   0.0      0.0     0.0      0.0       0.0      0.0       0.0   0.0      1.0      0.6      0.02              0.00         1    0.010     101      4
User      0/0    0.00 KB   0.0      0.0     0.0      0.0       0.0      0.0       0.0   0.0      0.0      0.0      0.02              0.00         1    0.014       0      0
Uptime(secs): 600.0 total, 600.0 interval
Flush(GB): cumulative 0.000, interval 0.000
AddFile(GB): cumulative 0.000, interval 0.000
AddFile(Total Files): cumulative 0, interval 0
AddFile(L0 Files): cumulative 0, interval 0
AddFile(Keys): cumulative 0, interval 0
Cumulative compaction: 0.00 GB write, 0.00 MB/s write, 0.00 GB read, 0.00 MB/s read, 0.0 seconds
Interval compaction: 0.00 GB write, 0.00 MB/s write, 0.00 GB read, 0.00 MB/s read, 0.0 seconds
Stalls(count): 0 level0_slowdown, 0 level0_slowdown_with_compaction, 0 level0_numfiles, 0 level0_numfiles_with_compaction, 0 stop for pending_compaction_bytes, 0 slowdown for pending_compaction_bytes, 0 memtable_compaction, 0 memtable_slowdown, interval 0 total count

** File Read Latency Histogram By Level [default] **

** Compaction Stats [default] **
Level    Files   Size     Score Read(GB)  Rn(GB) Rnp1(GB) Write(GB) Wnew(GB) Moved(GB) W-Amp Rd(MB/s) Wr(MB/s) Comp(sec) CompMergeCPU(sec) Comp(cnt) Avg(sec) KeyIn KeyDrop
----------------------------------------------------------------------------------------------------------------------------------------------------------------------------
  L0      0/0    0.00 KB   0.0      0.0     0.0      0.0       0.0      0.0       0.0   1.0      0.0      0.0      0.02              0.00         1    0.014       0      0
  L1      1/0    6.76 KB   0.0      0.0     0.0      0.0       0.0      0.0       0.0   2.0      1.0      0.6      0.02              0.00         1    0.010     101      4
 Sum      1/0    6.76 KB   0.0      0.0     0.0      0.0       0.0      0.0       0.0   9.4      0.4      0.2      0.02              0.00         2    0.012     101      4
 Int      0/0    0.00 KB   0.0      0.0     0.0      0.0       0.0      0.0       0.0   0.0      0.0      0.0      0.00              0.00         0    0.000       0      0

** Compaction Stats [default] **
Priority    Files   Size     Score Read(GB)  Rn(GB) Rnp1(GB) Write(GB) Wnew(GB) Moved(GB) W-Amp Rd(MB/s) Wr(MB/s) Comp(sec) CompMergeCPU(sec) Comp(cnt) Avg(sec) KeyIn KeyDrop
-------------------------------------------------------------------------------------------------------------------------------------------------------------------------------
 Low      0/0    0.00 KB   0.0      0.0     0.0      0.0       0.0      0.0       0.0   0.0      1.0      0.6      0.02              0.00         1    0.010     101      4
User      0/0    0.00 KB   0.0      0.0     0.0      0.0       0.0      0.0       0.0   0.0      0.0      0.0      0.02              0.00         1    0.014       0      0
Uptime(secs): 600.0 total, 0.0 interval
Flush(GB): cumulative 0.000, interval 0.000
AddFile(GB): cumulative 0.000, interval 0.000
AddFile(Total Files): cumulative 0, interval 0
AddFile(L0 Files): cumulative 0, interval 0
AddFile(Keys): cumulative 0, interval 0
Cumulative compaction: 0.00 GB write, 0.00 MB/s write, 0.00 GB read, 0.00 MB/s read, 0.0 seconds
Interval compaction: 0.00 GB write, 0.00 MB/s write, 0.00 GB read, 0.00 MB/s read, 0.0 seconds
Stalls(count): 0 level0_slowdown, 0 level0_slowdown_with_compaction, 0 level0_numfiles, 0 level0_numfiles_with_compaction, 0 stop for pending_compaction_bytes, 0 slowdown for pending_compaction_bytes, 0 memtable_compaction, 0 memtable_slowdown, interval 0 total count

** File Read Latency Histogram By Level [default] **
2022/11/17-15:09:08.363418 7fbe201b2b30 [db/db_impl/db_impl.cc:854] ------- DUMPING STATS -------
2022/11/17-15:09:08.363488 7fbe201b2b30 [db/db_impl/db_impl.cc:855] 
** DB Stats **
Uptime(secs): 1200.0 total, 600.0 interval
Cumulative writes: 1 writes, 1 keys, 1 commit groups, 0.5 writes per commit group, ingest: 0.00 GB, 0.00 MB/s
Cumulative WAL: 1 writes, 1 syncs, 0.50 writes per sync, written: 0.00 GB, 0.00 MB/s
Cumulative stall: 00:00:0.000 H:M:S, 0.0 percent
Interval writes: 0 writes, 0 keys, 0 commit groups, 0.0 writes per commit group, ingest: 0.00 MB, 0.00 MB/s
Interval WAL: 0 writes, 0 syncs, 0.00 writes per sync, written: 0.00 MB, 0.00 MB/s
Interval stall: 00:00:0.000 H:M:S, 0.0 percent

** Compaction Stats [default] **
Level    Files   Size     Score Read(GB)  Rn(GB) Rnp1(GB) Write(GB) Wnew(GB) Moved(GB) W-Amp Rd(MB/s) Wr(MB/s) Comp(sec) CompMergeCPU(sec) Comp(cnt) Avg(sec) KeyIn KeyDrop
----------------------------------------------------------------------------------------------------------------------------------------------------------------------------
  L0      0/0    0.00 KB   0.0      0.0     0.0      0.0       0.0      0.0       0.0   1.0      0.0      0.0      0.02              0.00         1    0.014       0      0
  L1      1/0    6.76 KB   0.0      0.0     0.0      0.0       0.0      0.0       0.0   2.0      1.0      0.6      0.02              0.00         1    0.010     101      4
 Sum      1/0    6.76 KB   0.0      0.0     0.0      0.0       0.0      0.0       0.0   9.4      0.4      0.2      0.02              0.00         2    0.012     101      4
 Int      0/0    0.00 KB   0.0      0.0     0.0      0.0       0.0      0.0       0.0   0.0      0.0      0.0      0.00              0.00         0    0.000       0      0

** Compaction Stats [default] **
Priority    Files   Size     Score Read(GB)  Rn(GB) Rnp1(GB) Write(GB) Wnew(GB) Moved(GB) W-Amp Rd(MB/s) Wr(MB/s) Comp(sec) CompMergeCPU(sec) Comp(cnt) Avg(sec) KeyIn KeyDrop
-------------------------------------------------------------------------------------------------------------------------------------------------------------------------------
 Low      0/0    0.00 KB   0.0      0.0     0.0      0.0       0.0      0.0       0.0   0.0      1.0      0.6      0.02              0.00         1    0.010     101      4
User      0/0    0.00 KB   0.0      0.0     0.0      0.0       0.0      0.0       0.0   0.0      0.0      0.0      0.02              0.00         1    0.014       0      0
Uptime(secs): 1200.0 total, 600.0 interval
Flush(GB): cumulative 0.000, interval 0.000
AddFile(GB): cumulative 0.000, interval 0.000
AddFile(Total Files): cumulative 0, interval 0
AddFile(L0 Files): cumulative 0, interval 0
AddFile(Keys): cumulative 0, interval 0
Cumulative compaction: 0.00 GB write, 0.00 MB/s write, 0.00 GB read, 0.00 MB/s read, 0.0 seconds
Interval compaction: 0.00 GB write, 0.00 MB/s write, 0.00 GB read, 0.00 MB/s read, 0.0 seconds
Stalls(count): 0 level0_slowdown, 0 level0_slowdown_with_compaction, 0 level0_numfiles, 0 level0_numfiles_with_compaction, 0 stop for pending_compaction_bytes, 0 slowdown for pending_compaction_bytes, 0 memtable_compaction, 0 memtable_slowdown, interval 0 total count

** File Read Latency Histogram By Level [default] **

** Compaction Stats [default] **
Level    Files   Size     Score Read(GB)  Rn(GB) Rnp1(GB) Write(GB) Wnew(GB) Moved(GB) W-Amp Rd(MB/s) Wr(MB/s) Comp(sec) CompMergeCPU(sec) Comp(cnt) Avg(sec) KeyIn KeyDrop
----------------------------------------------------------------------------------------------------------------------------------------------------------------------------
  L0      0/0    0.00 KB   0.0      0.0     0.0      0.0       0.0      0.0       0.0   1.0      0.0      0.0      0.02              0.00         1    0.014       0      0
  L1      1/0    6.76 KB   0.0      0.0     0.0      0.0       0.0      0.0       0.0   2.0      1.0      0.6      0.02              0.00         1    0.010     101      4
 Sum      1/0    6.76 KB   0.0      0.0     0.0      0.0       0.0      0.0       0.0   9.4      0.4      0.2      0.02              0.00         2    0.012     101      4
